
Average model performance (unaugmented):
    ACC: 0.61158 +/- 0.00180, MCC: 0.56928 +/- 0.00198

Ensemble model performance (unaugmented):
    ACC: 0.64140, MCC: 0.60223

[[751  10  42  11  41   4   5  14  83  39]
 [ 36 699   7   9   1   2  12   7  92 135]
 [105   4 527  70 111  57  70  37  15   4]
 [ 36   7 112 426  97 111 110  49  26  26]
 [ 29   1  98  57 644  26  62  67   9   7]
 [ 11   3  74 218  70 469  80  62   4   9]
 [ 20   3  79  56 106   8 712   4  12   0]
 [ 24   4  35  80  99  37  24 676   2  19]
 [137  16   7   9  36   1   2   5 750  37]
 [ 38 102   2  13  23   6   3  18  35 760]]

Average model performance (augmented):
    ACC: 0.63286 +/- 0.00372, MCC: 0.59356 +/- 0.00401

Ensemble model performance (augmented):
    ACC: 0.65770, MCC: 0.62092

[[786  16  44  15  34   2   6   5  50  42]
 [ 36 765   6   4   6   2  15   3  47 116]
 [103   3 534  53 116  46  98  32   9   6]
 [ 39   7 121 362  92 126 157  53  23  20]
 [ 34   1  97  32 651  26  89  60   3   7]
 [ 15   6 109 154  78 476  94  60   5   3]
 [ 17   3  71  27  57   9 805   4   3   4]
 [ 21   3  46  47  93  42  31 691   3  23]
 [159  22  11   4  25   1   1   5 740  32]
 [ 46 110   2  11  12   1  10  11  30 767]]

